337,2799
2801,3733
3734,5020
5234,5530
8238,9191
9306,9893
10830,11315
12163,14079
14168,15298
15445,16557
16952,17006
17489,18655
18715,19620
21181,21399
21407,22348
22391,25207
25207,25701
25826,26275
26277,27227
27293,28207
28374,29195
29651,30799
30817,34038
34300,34695
42403,43173
43188,44129
44180,45466
45463,45750
45807,47138
47246,47776
47769,49631
49823,50302
57364,58179
58474,59124
59121,59279
70387,71265
71351,72115
77367,77593
77388,77519
77621,78799
84368,85312
85630,87354
87357,87848
88028,89032
89634,90092
90094,91035
91032,91397
91413,93179
93166,94653
94650,96008
96002,97084
97087,98403
98403,99647
99644,100711
100765,102240
102233,103153
103155,103985
103982,105244
105305,106456
106557,107474
107705,108217
108279,110984
111044,111433
113244,113288
113444,114487
118733,119284
119281,120135
122092,122856
123017,125680
125695,127587
127912,129336
131615,134212
134388,134750
137083,138633
141431,141967
142779,143705
143702,144472
144577,145017
145081,146310
146968,147870
162105,164534
164730,167264
167484,169727
169778,170575
170575,171465
171462,173444
175107,176528
176552,176617
176610,176954
179237,180754
180884,182308
182463,183620
189712,189847
189874,190599
190857,191708
191855,192580
192872,193429
193521,194717
194903,195664
195677,196534
196546,197898
197928,200360
200482,200967
200971,201996
202101,202556
202560,203348
203348,204496
204493,205089
205126,208608
208621,209580
209679,211820
211877,212266
212331,213629
214291,214836
214833,215255
215269,215979
222833,223408
223771,225312
225381,225457
225500,225575
225759,228662
228756,228875
228928,229004
229167,229970
231122,231922
231926,232549
234816,235538
236067,236798
236931,237007
237335,238120
239190,239378
240343,240816
243543,244121
244327,245094
246712,247461
247637,248134
250072,250827
250898,251953
252005,252298
252301,252699
252709,253161
253467,253733
253702,254202
255977,256435
256527,257771
257829,257899
258676,259006
260388,261491
261503,262756
262871,262946
270278,270540
270603,271754
271764,272190
272580,272654
272847,273992
275325,276728
276715,277647
279931,280104
282278,283186
283201,285168
285395,286777
286789,288399
290510,290638
291500,292231
302991,303605
312112,312339
314357,315244
315291,315590
315587,316453
317439,317567
320227,321081
321608,322327
322338,323765
323758,324453
329463,331496
331802,331876
332371,333459
335280,335885
335925,336788
336778,338325
338325,339743
339793,340089
340165,341115
341125,342507
342884,343933
344176,344991
345404,345649
346484,346759
348682,349572
350012,351181
351215,352666
352706,354592
354922,356181
356171,357454
358799,359458
359489,359959
359992,361146
368611,370275
370277,371221
371239,372105
372115,372924
372921,373871
373868,374881
375459,376670
376772,377311
381351,381716
381674,382579
383960,384079
385232,386194
386207,386974
386971,387798
387795,388646
390251,391708
392970,394418
394506,395129
396639,397859
397872,398966
399593,399805
401386,401646
401747,403162
403281,403601
403703,404818
405764,406222
406405,406929
406979,407170
407428,408105
408177,408461
408609,408950
408947,409030
410144,411052
417142,417831
417889,419184
419591,420910
420986,422359
422518,424332
425011,426081
426137,427264
427287,427619
427647,429494
429505,430476
430605,430952
433002,433451
433455,434558
434647,435117
435137,435556
435634,436611
436589,437107
441549,442997
444683,445174
454472,454789
455133,456431
456677,457300
457426,458700
458888,461242
461451,461723
461915,463786
463937,464308
464402,464800
467412,468230
468383,468841
468871,470643
470636,472417
472598,472936
472966,474252
475379,475951
476448,476561
476672,477025
485761,486408
486536,489898
490882,491259
491412,491963
492092,494023
494076,494405
494405,495010
495120,496994
497175,497819
498055,499017
500125,501429
504914,506566
507204,507287
508218,508559
511641,512573
512576,513868
513993,514400
515919,516596
516583,517362
519733,520419
520416,522830
523261,527541
527581,527949
527949,528659
528640,529130
529497,529592
532451,532933
533011,533826
533916,535697
535710,536486
536586,537464
537633,539087
539147,540508
540565,541866
541888,543033
546680,548347
548357,549616
549627,550442
550439,551332
554611,555996
558212,558754
558974,559666
559697,562300
562336,563319
563330,563845
564723,564799
566376,566687
566684,566776
566842,567141
567138,568004
568035,568247
568315,568647
568695,568844
568902,570428
570893,571444
571454,572251
572368,572469
572466,572921
572921,573091
573084,573374
573371,573733
573730,573870
573956,574339
577398,577613
577613,578110
578107,578568
578327,578509
579880,580086
580834,581379
581354,581662
581534,582097
582875,583060
583681,584430
595600,596973
597131,597463
597479,598702
598714,601857
601959,603335
607734,607792
607836,607988
608065,609177
612737,613939
613942,614160
614157,618038
618254,619387
622300,623550
624885,626060
626070,627680
627694,628551
628551,629297
629300,629713
629894,631999
632182,632379
633586,634746
638945,639508
639753,641318
642088,643326
652235,653893
653862,654542
656557,657117
657292,657501
658031,658818
658947,659150
675018,675500
676711,677418
677415,678842
679508,680215
680212,681663
695101,696276
703944,705890
706093,707757
708334,709740
709790,710116
712987,713532
713558,715198
715412,715906
720583,720840
729134,729340
729583,733776
733776,734102
734220,735653
735650,736219
736445,736699
736900,737961
738092,738853
739001,739510
739507,740925
742827,743570
743593,744249
744243,745175
745165,745899
745935,746726
755177,755566
755560,755907
755907,757673
757689,758405
758706,761507
761522,762739
763014,764180
764180,765049
765984,767960
767978,770611
771458,773026
773042,774181
774196,774309
774309,774602
774752,775156
775153,775845
775849,776277
776342,777607
777740,779032
779067,779588
779598,780389
780554,780629
780765,780840
780843,780918
781068,781143
781147,781222
781369,781444
781577,781652
782085,783128
783166,783885
785633,786685
794773,794922
795089,795862
795862,796551
796554,797612
798586,799581
800759,801811
801887,803320
803503,805764
809344,810384
810381,811535
811522,812277
812270,812947
813526,815547
817044,818033
818055,818567
818570,819055
819048,819293
819295,819747
819884,820588
820793,821506
824630,825040
830872,832236
833070,835220
835248,836210
836351,837436
842332,843258
850332,850397
850450,850965
853183,853650
853647,854765
855963,857555
863642,864304
866568,867533
867520,869391
869411,870949
870967,871887
871890,872801
872979,875327
875335,876663
878248,878631
878742,879857
880727,881929
883673,884905
887423,887959
890089,890466
890913,891200
891184,891906
891967,892869
892957,893433
893784,894896
894991,896124
896134,897087
897084,897929
897989,898477
898518,899645
904593,904916
904913,905743
916473,918131
919235,920350
920347,922293
922913,923233
923264,925540
932595,933089
933224,937213
937372,937983
937994,939337
939428,940720
940959,943403
943414,944031
944033,944896
945871,947019
947229,948659
949668,950258
956762,957454
957653,958741
958812,960095
960264,961028
961201,961884
961995,963668
963828,964112
964320,966584
966621,968369
968366,969352
969389,970621
970673,970855
970852,971598
971752,972645
973537,974322
974319,975641
975622,976326
976326,980786
981047,982894
983075,983623
983650,984297
990622,993234
997868,998407
998490,999191
999216,1001816
1001807,1002877
1002889,1003431
1003439,1003954
1003947,1004657
1004768,1005778
1005952,1006494
1007844,1009952
1009964,1011871
1012001,1013254
1013259,1014899
1014896,1015459
1015715,1015882
1018485,1018937
1021138,1021767
1024471,1026525
1027946,1028359
1030064,1030342
1032139,1033257
1033254,1035047
1035066,1035773
1035770,1036357
1036354,1036752
1036749,1037606
1037740,1039284
1039296,1040432
1040445,1040537
1040617,1041915
1049833,1050108
1050027,1050530
1051461,1051673
1051684,1051872
1051847,1052077
1052067,1052240
1056261,1057289
1058084,1059256
1059256,1061802
1061799,1062398
1064036,1065292
1065585,1066826
1068081,1068254
1074242,1074880
1079024,1079146
1079305,1080813
1081356,1082185
1082243,1083370
1083376,1084647
1084992,1086056
1092876,1094234
1095544,1095846
1095843,1096829
1097886,1098824
1098879,1099616
1099640,1100194
1100296,1100787
1103951,1104406
1104447,1104902
1104961,1105293
1105414,1105725
1105820,1106353
1106355,1107776
1109335,1110870
1110863,1113406
1113579,1113806
1116807,1117859
1125562,1126146
1126157,1126804
1126806,1127729
1127839,1129374
1131018,1131434
1131438,1131842
1131854,1132549
1132574,1133782
1133802,1134557
1134729,1135511
1135564,1136262
1136274,1137371
1137371,1138312
1138378,1140021
1140033,1140986
1144502,1144822
1144940,1145899
1146589,1146757
1146794,1147315
1147367,1147540
1147621,1148691
1148759,1149712
1149728,1150657
1150670,1151404
1151615,1151851
1151939,1153180
1153300,1154109
1154112,1155134
1155124,1155765
1155762,1156766
1156777,1157574
1157869,1159302
1161885,1162244
1162247,1162624
1162638,1163279
1163260,1164084
1164095,1165120
1165143,1165685
1166085,1167389
1167599,1168138
1169073,1169330
1175427,1176626
1176619,1177320
1177320,1178564
1178593,1179504
1179520,1180359
1185844,1187070
1195123,1196373
1198695,1199588
1201497,1201838
1203024,1203224
1203268,1203825
1203822,1204160
1204170,1205537
1204170,1204403
1204401,1205537
1205549,1205731
1205731,1206204
1206131,1206922
1206913,1207497
1207501,1208130
1208132,1208545
1209685,1210239
1210346,1211179
1211413,1211577
1215789,1216025
1216068,1216340
1216369,1216635
1216748,1216996
1217328,1218851
1218983,1219201
1219601,1222248
1223264,1223449
1223564,1223907
1226600,1226968
1227681,1228007
1228079,1228738
1228815,1229276
1230767,1231186
1231186,1232454
1234938,1235657
1237571,1238869
1238879,1239949
1240260,1240463
1243180,1243791
1244728,1244982
1245160,1245600
1251066,1252985
1258791,1259069
1263714,1264970
1265012,1266094
1266094,1266927
1266924,1267316
1267320,1268129
1268165,1269019
1269323,1269389
1269858,1269923
1270393,1270460
1272119,1272349
1272507,1273202
1273784,1275178
1277957,1279348
1279864,1283607
1283604,1285142
1285139,1285849
1285849,1286526
1286709,1286984
1289245,1290150
1290242,1291255
1291457,1292365
1293527,1294144
1298598,1299245
1299531,1300547
1301182,1302813
1302899,1303819
1303834,1304742
1304754,1305767
1305764,1306768
1308788,1308961
1311089,1311808
1314020,1314658
1323220,1324101
1324098,1324718
1324746,1326641
1326852,1327727
1329332,1330381
1331048,1333645
1333855,1334829
1335124,1335288
1335291,1335458
1335572,1335667
1335831,1338506
1339330,1340094
1340243,1340551
1340558,1341727
1341921,1342658
1342658,1342984
1346796,1346900
1361120,1361884
1361911,1362468
1362743,1364230
1364232,1365512
1365550,1366815
1368079,1368747
1368801,1369025
1369025,1369384
1369393,1369614
1369689,1370003
1370216,1371895
1371909,1373201
1373222,1374103
1374090,1374932
1374963,1376015
1376034,1376822
1376832,1377887
1377884,1380151
1380148,1380807
1380821,1381789
1381789,1381902
1381947,1382852
1384117,1385514
1385511,1386572
1386720,1388261
1388930,1389895
1391991,1392890
1393227,1394840
1396076,1397092
1397365,1397622
1404741,1405649
1405979,1406542
1408050,1409033
1409129,1409247
1409308,1409481
1409511,1410884
1413556,1413734
1418671,1419159
1420365,1420661
1420684,1421106
1421119,1421976
1421983,1422729
1422752,1423312
1423345,1423644
1423400,1423585
1423782,1425239
1425377,1425640
1425621,1425980
1426454,1427482
1427389,1427598
1428796,1428984
1429049,1432411
1432411,1432986
1437121,1437229
1441058,1441324
1443051,1445690
1445687,1445872
1445880,1446206
1447519,1449018
1453927,1454856
1454868,1455155
1455164,1455910
1455925,1456422
1456430,1457500
1457497,1458264
1458264,1459052
1459054,1460481
1460471,1460893
1460893,1462098
1462125,1463438
1463539,1464489
1464471,1465061
1465392,1467909
1469246,1469295
1469358,1470509
1470519,1474013
1474221,1475081
1475144,1477450
1477621,1478226
1478226,1479122
1479138,1480895
1480909,1482201
1483061,1486963
1487235,1488035
1488232,1489671
1490902,1491432
1491677,1491850
1492119,1492174
1492470,1494110
1495288,1496631
1496856,1498511
1498651,1498875
1498938,1499477
1500573,1501565
1501562,1502155
1502457,1503125
1503717,1504865
1506172,1506708
1506781,1508742
1509286,1509462
1509508,1509924
1510003,1511409
1511654,1512799
1512817,1513830
1513831,1514772
1514762,1515556
1515578,1517002
1517389,1517562
1517648,1517881
1519027,1520064
1520262,1520927
1523307,1524368
1526247,1526864
1526940,1527152
1527890,1529938
1529922,1530404
1530586,1531639
1531816,1532952
1533052,1533285
1534024,1534869
1547401,1550448
1550461,1551345
1551338,1551991
1556625,1557056
1579545,1579667
1601490,1603025
1603019,1604047
1604047,1605039
1605051,1606073
1606100,1606975
1606999,1607289
1607346,1608104
1614804,1615685
1615763,1616878
1617028,1618218
1619120,1619554
1619574,1619957
1619989,1620207
1621332,1622519
1622646,1622741
1624773,1625291
1627517,1628263
1628352,1629038
1629215,1629418
1632890,1633003
1633072,1633305
1633622,1634212
1636756,1636989
1637047,1637457
1641855,1642067
1642122,1642211
1645897,1646202
1646405,1646737
1647934,1648341
1648508,1648663
1648665,1648793
1648823,1649041
1649382,1649434
1649609,1649797
1649794,1649985
1650078,1650998
1650881,1651537
1651512,1652708
1655808,1656149
1656184,1656744
1657565,1657870
1658069,1660495
1660556,1662979
1662990,1663607
1663609,1664463
1664506,1665120
1665315,1666571
1669699,1670952
1671376,1671684
1671777,1671860
1671960,1672781
1673913,1674947
1678427,1679371
1679557,1680939
1680976,1681698
1682159,1682878
1682882,1684183
1684259,1685188
1688576,1689751
1689852,1691360
1699355,1700947
1700957,1702129
1702233,1703234
1704551,1704676
1704949,1705164
1705250,1705690
1705767,1706348
1706348,1706926
1706919,1709141
1709142,1710200
1710204,1710824
1710828,1711523
1711523,1712158
1712769,1714271
1714377,1714982
1719876,1720343
1721025,1721261
1721264,1722121
1722121,1724133
1726023,1726622
1726659,1727756
1727837,1728244
1728347,1728994
1729087,1733703
1734435,1735250
1735378,1735959
1737844,1738869
1739911,1741122
1741413,1742561
1743457,1744830
1746435,1746511
1746516,1746592
1746700,1747005
1747131,1748735
1755698,1757110
1757421,1757657
1769074,1770186
1770372,1770476
1770615,1770971
1771071,1772285
1772512,1773777
1773789,1774655
1774686,1775444
1775587,1777182
1777196,1778347
1779617,1780381
1780401,1781339
1781395,1782684
1782681,1782974
1782977,1784677
1787445,1788278
1788435,1789481
1789613,1789804
1803094,1804993
1805165,1805272
1806370,1807299
1807400,1807690
1807796,1808656
1809380,1810048
1810211,1810801
1810934,1812325
1813867,1816128
1822458,1823285
1823515,1824402
1832428,1833234
1833401,1834111
1834116,1834793
1834808,1835515
1835515,1836063
1836073,1837239
1837212,1838747
1838747,1839400
1839467,1840774
1841490,1841897
1842371,1843714
1848837,1850693
1850860,1851876
1851887,1852528
1862771,1863766
1863850,1864734
1866908,1868842
1868955,1870238
1870385,1871860
1872041,1873531
1873574,1874077
1874352,1874798
1875673,1876854
1876909,1877256
1877715,1878740
1878773,1878871
1878874,1878948
1881912,1882997
1883188,1884633
1884665,1885789
1885845,1886810
1893367,1893711
1894133,1894432
1894805,1896166
1896170,1896748
1896932,1898296
1898427,1900025
1902048,1903019
1903082,1903882
1903895,1904746
1904801,1905259
1905688,1906254
1908925,1909164
1910276,1911649
1916258,1917541
1917510,1920143
1920223,1921662
1921780,1922016
1922121,1922312
1923066,1923314
1925108,1925338
1925440,1926096
1926120,1926782
1930881,1932059
1936652,1937521
1937649,1939091
1942662,1943417
1943414,1944199
1946251,1946853
1950832,1951398
1951395,1952213
1952266,1952661
1952702,1953445
1953442,1954413
1960062,1961795
1961972,1962460
1979753,1980181
1986925,1987428
1988222,1988545
1988716,1989213
1989681,1990892
1995655,1995831
1995818,1996042
1996921,1997057
2003872,2005278
2005303,2005713
2005713,2006078
2006156,2007643
2008277,2009482
2009479,2009712
2009821,2010489
2010600,2011079
2012502,2012780
2013229,2014887
2014880,2015875
2015868,2016554
2016554,2017927
2017946,2018389
2018386,2019513
2019618,2020082
2020087,2021091
2021088,2021501
2021504,2021869
2021869,2022606
2022616,2022885
2022893,2023678
2023968,2024591
2024986,2025213
2025511,2026326
2029539,2030459
2033649,2033739
2034051,2035243
2035835,2036686
2038956,2039369
2039478,2040482
2040483,2041118
2041375,2042025
2042368,2042898
2043651,2044448
2044549,2044624
2044938,2052014
2053643,2054959
2055061,2056515
2056858,2057574
2059851,2059926
2062260,2062335
2068635,2068940
2070277,2070474
2070786,2071211
2071317,2071511
2071539,2074658
2074779,2076311
2076308,2076754
2076817,2077038
2077112,2077480
2077569,2077943
2077940,2078134
2078575,2078931
2082756,2084183
2089996,2090046
2090192,2091091
2091097,2092401
2092398,2093468
2093468,2094535
2094535,2095125
2095125,2095862
2095844,2096620
2096614,2097225
2137902,2139485
2143266,2146583
2147674,2149026
2151185,2151646
2153311,2153454
2153646,2153781
2154016,2155263
2155263,2158385
2158386,2161463
2161464,2162879
2162876,2164279
2164276,2164998
2165189,2165521
2165668,2167029
2167114,2167200
2168712,2169611
2170236,2170535
2170532,2171398
2178821,2180098
2180095,2181099
2181096,2182061
2185917,2186741
2186960,2187298
2194300,2196333
2196474,2197298
2197410,2200269
2200279,2203911
2203972,2204289
2204596,2205684
2205695,2207974
2207967,2209103
2209100,2210944
2211225,2211686
2214866,2215597
2215657,2215764
2222185,2223900
2225801,2226379
2228982,2229065
2230624,2231022
2231019,2231714
2231844,2232728
2232878,2233597
2233600,2233839
2234033,2235271
2235265,2236500
2243910,2244746
2249717,2250766
2250840,2251697
2251700,2252788
2255355,2256014
2263863,2265044
2265450,2266022
2266245,2267711
2267829,2268815
2268854,2269567
2269979,2270545
2270726,2272282
2272364,2274178
2274179,2275273
2275273,2276298
2276300,2277889
2280632,2282392
2282517,2282801
2284129,2284356
2284376,2286136
2286211,2286287
2290500,2291147
2303606,2303770
2303905,2304393
2313084,2313176
2313488,2316160
2316177,2316827
2320043,2321869
2321866,2323251
2323447,2324109
2324109,2324759
2324756,2326078
2326109,2327293
2339567,2340289
2344865,2347150
2347384,2348514
2348514,2348768
2349687,2349893
2352647,2354275
2354265,2355524
2355521,2356711
2356904,2357803
2357816,2358001
2364554,2364979
2365910,2367067
2367071,2368039
2368039,2370021
2370018,2370908
2370908,2372560
2372557,2372892
2372892,2373278
2381608,2382525
2382713,2383924
2385860,2386831
2386934,2387437
2388635,2389057
2389116,2389964
2407561,2408778
2408862,2409461
2413470,2414672
2414747,2416891
2417081,2418601
2420621,2421268
2421325,2421687
2421708,2422601
2437950,2438945
2441764,2443770
2448606,2449157
2461306,2462646
2463012,2464070
2465301,2466233
2466309,2466383
2466545,2467702
2467855,2468217
2468214,2469134
2469131,2470462
2470803,2471105
2473604,2473966
2474032,2474856
2474984,2475520
2475511,2475873
2475873,2476178
2476094,2476234
2476310,2476510
2476584,2476598
2477847,2479184
2479202,2480530
2483755,2484369
2484374,2487967
2494698,2494973
2495645,2496565
2496921,2496992
2498671,2500368
2500383,2501117
2501130,2501987
2509630,2510886
2511001,2511327
2513042,2514244
2514331,2515443
2518467,2518811
2518813,2519205
2520931,2521006
2521051,2521126
2521173,2521248
2521253,2521328
2525127,2525891
2526946,2527944
2531463,2532224
2532409,2533380
2533764,2534021
2534066,2535793
2535834,2536343
2537342,2537716
2537749,2538483
2545773,2546669
2546673,2548097
2548102,2549406
2552352,2553221
2553225,2554124
2558858,2560066
2560257,2560898
2561368,2561613
2561625,2561993
2562111,2562527
2562524,2563117
2563592,2563969
2563980,2564372
2564523,2565332
2578666,2579616
2579636,2581639
2585731,2587431
2587595,2590708
2591247,2591603
2591607,2592734
2592762,2592962
2599906,2600478
2600478,2600948
2601201,2601818
2601818,2603836
2603847,2604794
2604811,2606250
2606262,2606912
2606917,2608497
2608487,2610154
2610164,2610709
2610706,2611464
2611457,2611870
2611900,2613912
2613934,2614782
2616094,2617557
2617578,2617937
2621197,2622234
2622234,2622872
2623044,2625110
2625115,2626656
2629290,2629481
2629792,2630310
2630326,2630865
2634232,2635602
2652494,2653339
2653855,2654158
2663442,2664245
2664390,2665244
2665435,2666715
2669032,2670393
2670390,2670908
2670908,2671228
2671225,2672037
2672047,2673249
2673346,2673768
2682863,2684056
2685835,2687025
2695801,2697357
2698759,2699607
2699663,2699923
2700520,2700596
2710420,2712042
2712896,2714230
2715423,2716010
2716754,2717443
2718735,2719154
2719223,2719921
2719953,2722613
2722727,2724082
2724128,2724451
2736146,2736883
2737154,2737495
2737599,2737646
2737745,2738905
2741360,2741725
2741875,2742393
2742383,2743609
2743625,2744107
2747962,2748753
2748774,2750060
2750831,2751709
2751795,2753456
2753605,2753946
2754896,2755378
2755593,2755955
2756159,2757400
2758644,2758856
2758985,2760394
2760547,2761173
2765918,2766991
2766984,2767355
2767710,2768573
2768665,2769486
2769703,2770404
2770445,2770681
2770681,2771124
2771148,2771615
2773318,2775021
2775545,2775816
2775919,2776377
2776386,2776868
2776877,2777077
2777115,2777432
2777453,2777782
2777972,2777985
2786397,2788649
2788985,2789962
2789982,2791250
2791273,2792721
2792735,2794015
2794253,2795653
2795674,2796336
2797211,2797510
2797520,2798044
2799164,2799613
2800146,2800475
2800723,2800968
2800965,2801375
2801348,2803492
2803502,2804461
2804815,2806017
2806010,2807074
2807132,2808124
2808316,2809493
2809617,2810354
2810344,2810679
2810770,2811300
2811427,2812599
2812616,2814154
2814802,2814873
2825832,2826395
2826392,2827351
2827362,2827733
2827737,2828516
2828621,2828980
2829047,2829820
2829813,2830778
2832476,2833915
2833912,2835045
2839524,2840981
2840990,2842414
2850647,2850997
2851001,2851873
2851864,2852136
2852136,2853257
2853254,2854264
2854338,2856416
2857093,2859654
2859760,2860416
2861430,2862338
2862335,2863501
2863593,2864231
2864236,2865012
2865101,2866465
2876581,2877618
2887353,2887408
2892214,2892579
2892657,2893928
2893919,2894179
2894196,2894771
2900592,2901869
2901896,2903374
2905557,2905697
2905711,2906583
2915057,2917813
2925348,2926196
2926308,2927672
2928229,2929518
2929576,2930943
2931055,2931810
2934235,2935551
2935584,2937359
2937468,2938886
2938888,2939310
2939368,2940099
2942696,2942900
2943337,2944542
2944542,2944985
2947387,2947463
2947497,2947573
2947607,2947683
2949242,2950573
2969662,2970351
2970420,2971133
2971271,2971489
2971597,2972637
2976599,2977630
2979021,2979956
2985847,2987076
2987536,2988168
2988502,2989311
2989304,2989786
2990554,2991043
2991268,2991759
2992094,2993470
2993638,2993856
2993939,2994441
3000345,3002603
3002614,3003492
3003489,3003968
3006262,3007452
3007510,3008706
3008764,3009975
3010028,3011413
3011461,3012393
3015160,3015738
3016060,3019158
3019161,3020489
3020540,3021319
3021316,3024186
3024351,3025751
3025766,3027085
3027121,3028488
3031367,3032815
3032817,3032942
3033065,3033613
3039855,3040376
3041313,3042293
3043662,3045101
3050958,3051041
3055612,3055941
3055983,3056165
3056241,3056789
3056851,3056991
3059753,3060646
3060850,3062994
3062987,3063982
3063993,3064778
3064802,3066280
3081913,3082671
3086187,3086402
3086706,3087860
3088284,3089678
3089755,3090252
3090347,3091054
3091134,3091865
3091878,3092828
3092937,3093500
3093500,3093916
3095098,3095802
3095820,3096386
3096383,3096673
3096681,3097274
3097267,3098403
3103013,3104065
3104093,3104368
3104433,3105512
3105714,3106970
3109553,3110260
3110366,3110441
3128272,3129036
3130178,3131194
3134131,3134823
3138727,3139593
3147897,3148937
3149662,3150546
3152236,3153423
3153563,3154222
3155355,3156518
3156623,3157450
3157650,3158576
3158627,3158884
3169828,3170487
3170484,3171833
3172530,3173111
3173142,3173456
3178115,3179596
3179596,3179856
3179744,3180415
3180421,3181581
3182550,3183323
3184840,3185130
3185414,3185965
3186025,3186095
3186187,3186552
3186510,3187415
3187432,3189865
3189881,3190630
3190632,3191696
3192208,3192837
3192864,3194525
3194766,3194825
3195141,3195200
3201207,3201827
3201891,3203129
3204694,3205311
3206463,3207374
3207371,3207976
3208024,3209487
3210781,3210996
3211107,3212852
3213047,3214888
3215598,3215673
3216779,3217402
3219494,3220873
3221466,3222449
3222633,3225725
3225722,3226171
3226234,3227667
3227801,3228871
3228888,3231239
3231665,3233683
3235960,3236463
3236540,3237232
3237311,3238297
3238580,3239545
3239944,3241188
3245224,3246522
3246652,3247428
3247773,3248435
3248439,3248822
3248969,3249337
3249375,3249680
3249683,3250087
3250077,3250376
3250562,3250954
3251024,3252010
3252304,3252669
3252911,3253267
3254319,3255020
3255043,3255207
3267380,3267598
3267854,3268393
3268415,3269602
3275282,3276853
3277002,3277337
3277337,3277801
3278914,3280194
3280217,3280690
3280701,3281102
3281122,3281625
3281976,3283130
3283143,3284003
3284170,3284646
3284685,3285488
3285478,3286269
3286270,3287025
3287426,3288010
3288090,3288785
3288814,3291330
3291341,3292432
3293400,3295436
3295394,3295789
3295809,3296399
3296409,3296984
3298974,3299492
3299966,3300268
3301485,3302480
3302489,3303367
3303448,3304455
3311183,3311398
3318637,3319980
3327790,3328083
3328963,3330396
3333710,3334681
3334909,3335187
3340275,3341252
3341266,3342252
3342273,3342839
3342836,3343411
3343380,3343937
3343944,3344669
3344717,3346150
3346173,3346460
3346578,3347069
3347115,3347969
3347966,3348238
3348452,3349084
3350577,3350697
3354725,3359185
3359198,3360616
3361176,3361940
3362112,3362786
3362807,3365188
3365185,3365555
3366755,3366929
3366926,3367642
3367827,3368954
3374869,3376236
3380191,3380589
3380743,3382110
3382200,3383267
3384703,3385173
3385538,3385801
3389520,3390449
3403484,3404458
3404495,3404637
3404638,3405031
3405436,3405906
3405917,3407266
3407375,3407617
3407607,3409058
3409070,3409951
3410280,3411245
3411271,3411567
3411653,3412537
3412621,3412800
3413864,3415021
3415033,3418137
3418390,3418611
3419042,3420066
3420134,3421315
3421325,3422428
3422436,3423194
3429236,3429790
3433690,3434199
3434214,3435161
3435207,3436496
3436518,3437894
3438024,3438434
3455578,3456393
3456377,3458329
3458339,3459820
3459817,3461013
3461023,3461460
3461468,3461977
3461974,3462351
3462344,3462931
3462924,3463907
3463922,3465085
3465082,3465543
3465543,3466220
3477640,3477858
3481289,3483202
3483202,3484224
3484218,3484436
3484490,3485359
3486120,3486752
3486791,3488893
3492568,3493749
3494011,3496554
3496551,3496877
3497003,3497809
3497828,3499201
3499448,3499615
3499910,3501247
3501268,3502290
3502340,3503170
3503167,3503952
3504052,3504783
3522871,3525423
3526469,3528604
3528669,3529337
3529348,3529749
3529774,3530652
3532818,3534440
3536812,3537288
3537385,3539706
3540163,3540390
3540407,3542728
3542728,3542964
3543167,3544045
3544882,3545565
3545624,3546199
3546559,3547875
3553085,3555790
3558268,3559866
3562013,3563518
3575071,3575664
3581138,3581626
3581863,3583041
3583038,3583427
3583483,3583758
3583677,3584180
3584205,3584309
3584404,3584559
3584759,3585043
3586943,3587383
3597984,3598367
3604393,3604989
3604979,3605248
3605751,3606377
3606451,3608649
3609217,3609882
3609955,3610512
3611865,3612914
3612969,3613556
3613667,3615241
3615241,3616185
3616182,3617015
3617015,3617779
3617776,3618582
3618588,3618989
3619192,3623427
3623399,3623782
3623887,3624132
3624378,3625514
3634841,3635893
3637642,3639141
3640111,3640545
3640862,3642331
3645385,3646227
3646299,3647651
3648063,3648146
3648294,3648377
3648528,3648881
3648935,3650224
3650237,3650662
3651291,3652036
3653236,3653713
3653961,3654527
3654683,3655213
3656995,3657567
3658366,3658893
3658992,3659082
3659232,3660389
3660414,3663527
3664864,3664968
3669592,3671241
3672414,3673313
3673362,3674375
3674786,3676108
3679419,3680348
3696458,3698029
3698026,3698217
3698214,3699893
3700136,3700199
3700563,3701834
3713092,3713655
3713652,3714092
3716547,3717206
3717310,3718284
3719478,3719768
3720049,3720261
3720680,3721201
3721198,3722049
3722076,3722105
3725887,3726882
3731131,3732123
3732201,3733742
3733720,3734901
3734979,3736157
3737497,3739527
3739705,3740958
3742733,3743731
3743743,3744210
3744328,3744801
3744804,3746081
3746094,3747080
3747084,3748580
3748577,3749239
3749232,3750092
3750086,3750781
3750918,3751109
3751992,3752966
3762183,3766316
3766337,3767179
3767221,3767922
3768177,3768638
3768639,3768890
3768892,3769256
3769345,3769680
3769948,3770146
3772281,3774194
3774424,3775572
3775572,3776159
3776665,3777027
3777399,3779054
3779054,3779830
3779827,3781017
3781215,3781688
3785260,3786804
3786838,3788097
3788101,3789060
3793987,3794919
3794929,3795975
3795979,3796938
3796948,3798207
3808540,3809817
3809825,3810304
3812731,3813951
3813932,3814387
3814494,3815090
3816676,3817539
3817760,3818584
3818874,3819491
3821428,3822051
3822106,3822381
3822400,3824508
3824515,3825204
3825210,3827291
3828945,3830336
3830457,3832166
3836222,3836316
3836425,3836556
3836953,3838137
3838248,3839171
3840215,3840508
3843964,3845730
3853553,3853642
3853922,3855106
3856415,3856864
3860283,3861176
3863899,3864615
3867728,3868060
3869377,3870441
3875438,3876094
3884026,3884106
3884336,3884476
3884493,3884852
3884816,3885073
3885076,3886722
3886828,3888192
3888435,3888509
3888730,3890145
3890236,3891483
3891615,3892790
3892765,3893724
3893881,3894630
3894652,3895218
3896774,3897439
3897506,3897973
3898022,3898609
3927155,3928147
3931316,3933184
3933351,3933770
3933778,3935283
3935288,3936253
3936278,3937168
3937294,3938223
3938227,3939219
3941808,3943349
3943435,3943510
3943704,3946607
3946700,3946819
3946872,3946948
3946957,3947032
3948086,3948424
3950322,3950420
3950507,3950557
3950560,3952204
3952201,3952464
3952484,3953413
3953478,3955328
3955331,3956875
3957970,3959445
3960677,3962698
3965761,3966090
3966231,3966332
3966417,3967676
3967916,3969019
3969031,3970077
3970133,3971263
3971260,3972522
3972522,3973589
3973608,3974489
3974467,3975141
3975146,3976276
3976278,3977528
3977525,3978604
3978601,3979953
3979956,3980696
3980887,3982272
3982375,3982451
3982509,3982585
3982606,3982692
3982735,3982811
3982958,3984193
3986432,3986603
3991153,3993699
3993850,3994335
3994522,3994725
3994762,3995586
3995583,3996290
3996287,3997183
3997183,3997899
3997983,4000145
4001426,4002376
4004862,4005731
4005864,4007693
4007757,4008377
4009170,4010192
4010200,4011000
4011076,4011975
4013053,4015314
4016431,4017192
4017333,4018760
4018855,4019610
4019624,4020229
4019978,4020229
4020226,4021866
4021945,4022214
4022218,4022733
4022736,4023512
4023554,4024336
4024988,4026481
4026527,4027228
4031161,4032492
4032492,4033106
4033145,4034596
4034608,4035153
4035531,4037072
4037141,4037217
4037260,4037335
4037519,4040423
4040517,4040636
4042069,4042338
4042415,4043401
4043418,4044044
4044199,4045629
4046966,4049752
4049899,4050007
4051036,4051280
4051347,4051856
4052045,4053418
4058407,4060230
4060447,4061157
4061165,4062145
4062247,4063512
4073739,4074635
4074669,4075454
4075553,4076152
4076146,4077018
4077015,4077452
4077449,4078438
4079291,4079509
4079751,4079969
4086016,4086849
4087002,4088057
4097736,4098572
4098646,4099494
4100810,4101430
4101690,4102673
4102822,4103496
4105820,4106320
4106330,4106387
4106469,4107371
4107552,4108514
4108834,4109823
4109930,4110685
4112315,4112755
4112967,4113266
4113293,4113721
4118515,4118760
4127013,4127225
4128672,4129832
4129835,4132267
4132616,4133506
4133835,4136015
4136108,4137013
4142530,4143609
4143624,4143944
4143995,4146292
4146258,4147136
4147138,4147479
4155001,4156005
4156013,4156789
4156850,4158223
4158490,4159407
4161067,4161771
4161771,4162130
4163639,4165483
4165428,4166285
4166659,4168200
4168372,4168447
4168641,4171544
4171637,4171756
4172057,4173085
4173082,4174047
4175388,4175463
4175472,4175556
4175673,4175747
4175754,4175829
4175944,4177128
4177358,4177741
4177743,4178288
4178447,4178875
4178879,4179583
4179996,4180493
4180560,4180925
4181245,4185273
4185350,4189573
4189786,4190325
4196903,4197676
4197716,4198780
4198790,4199461
4199504,4200094
4200281,4200553
4200566,4201261
4201926,4203323
4203320,4204645
4208147,4209688
4209774,4209849
4210043,4212946
4213040,4213159
4213234,4213617
4214280,4215209
4215478,4217079
4217109,4218413
4218596,4220332
4223828,4227511
4227731,4229362
4230354,4231226
4233758,4235407
4235906,4236148
4236262,4236900
4236897,4237634
4237634,4239730
4240325,4240735
4246784,4247899
4247971,4249311
4249554,4250474
4250703,4252283
4252506,4253003
4253016,4253888
4256637,4257005
4257115,4257723
4257742,4259121
4259237,4259446
4260321,4260575
4260599,4261306
4261669,4262706
4262840,4263082
4264314,4265729
4265782,4266861
4267114,4268307
4269414,4270127
4270238,4270654
4270658,4271014
4274125,4274661
4275471,4277057
4277469,4277933
4278479,4279828
4279980,4281629
4287764,4289200
4289245,4289811
4289808,4290479
4290476,4291432
4291512,4293170
4293163,4293546
4293543,4294139
4294481,4295794
4313350,4313799
4313868,4314197
4327135,4329363
4329360,4330238
4330502,4332004
4332116,4332205
4341911,4343266
4343369,4344790
4351843,4352073
4352085,4352357
4352584,4352880
4352908,4353081
4368664,4369140
4370688,4370981
4371025,4372671
4372809,4373162
4375699,4376265
4376317,4376442
4376553,4376699
4376875,4377192
4382643,4383620
4383839,4385341
4385393,4385707
4385704,4386018
4391604,4392149
4392360,4392435
4392472,4392547
4392583,4392658
4392892,4392945
4394066,4395613
4395585,4396046
4396065,4397402
4397412,4399259
4399252,4400202
4400288,4400596
4400672,4401952
4402038,4403297
4403300,4404304
4404386,4404583
4404687,4405985
4406190,4406615
4406654,4409095
4409275,4410006
4410133,4410534
4410553,4411251
4411302,4411961
4411979,4412377
4412387,4413025
4413028,4414191
4414275,4415900
4416952,4417701
4419980,4421377
4421393,4421698
4421708,4422172
4422186,4422836
4422846,4423700
4423700,4424386
4425118,4425513
4425520,4425834
4425839,4426066
4426108,4426557
4427694,4428095
4428935,4429555
4429864,4431276
4434113,4434493
4436755,4437495
4437707,4438645
4439587,4439793
4442382,4444115
4444112,4447891
4447894,4448235
4448447,4448698
4448692,4449042
4449962,4450918
4451058,4452560
4452571,4453596
4453583,4454578
4455785,4457158
4457959,4459311
4459488,4459855
4467431,4467484
4467625,4470321
4474124,4474717
4474862,4475314
4475437,4477251
4478473,4478889
4479730,4480926
4486218,4487318
4487318,4488400
4494623,4495186
4496405,4496489
4496750,4497940
4498272,4498637
4498595,4499500
4501260,4501589
4504058,4505275
4505287,4506405
4506448,4506573
4506861,4507109
4507197,4507451
4509009,4509479
4509479,4509793
4509804,4510133
4518527,4518802
4518721,4519224
4527977,4528066
4535015,4536031
4540957,4541559
4542037,4542633
4543115,4543663
4543728,4544267
4544304,4545029
4545096,4547732
4547742,4548272
4548285,4548788
4548808,4549710
4551636,4552820
4552901,4554361
4554576,4555349
4556574,4556675
4556654,4556797
4556913,4556996
4556993,4557385
4560930,4561484
4568998,4569918
4571751,4571915
4572414,4573931
4574135,4576855
4579835,4579911
4586949,4587863
4591657,4593312
4595990,4597012
4603477,4604202
4604160,4604837
4605804,4606040
4607803,4608216
4608185,4608631
4608646,4609323
4609414,4611003
4611396,4612001
4612128,4612289
4612411,4613484
4613481,4614260
4617323,4618102
4618229,4619551
4619603,4620826
4620883,4621602
4621769,4623100
4624895,4625863
4625912,4627294
4627315,4628547
4630733,4632670
4632760,4633086
4633797,4634444
4635521,4635994
4636007,4636696
4636696,4638120
4638178,4639530
4640402,4640542
4640942,4641628
1346,2063
6342,7212
7907,8420
11130,12798
16863,17508
17535,18552
24587,26138
26109,26973
33952,34984
35251,35338
35366,35453
35487,35574
35989,36778
38794,39565
39555,40029
40135,40675
40677,41415
41463,41958
42211,44503
45801,46716
46930,48292
50373,52524
52573,52777
52787,53744
54891,58404
58604,60194
60190,61585
61812,62154
62315,63695
63694,64741
70078,71491
73133,74366
74406,75687
75802,76954
76963,77731
77727,77985
78049,78910
78977,80156
80972,81656
81652,82114
82126,83299
83363,84275
85332,86163
90356,91700
102151,102868
102887,103994
104058,105039
106977,107223
107599,107857
107868,108414
108469,109216
109342,109603
110001,111123
111119,111398
111409,112723
112735,113542
113672,114104
114115,114748
114764,115547
115849,116638
116642,117548
117558,119526
119632,120982
121328,122315
123417,123939
123935,124889
124975,127300
127344,128247
128243,129242
129238,130195
130195,130963
132710,132969
133035,134187
134796,135027
138221,139550
140861,142060
145443,146463
147246,148278
148301,149066
149127,150447
150513,151512
151589,153092
155701,157213
157372,157816
157815,160671
162115,162619
163341,164346
167599,168313
168443,168839
169119,169254
169257,170193
170205,170667
170739,171126
174406,175354
175472,176894
176943,178599
178992,181131
181288,181753
183787,184339
186043,187042
192000,192531
193407,193677
199476,200115
200437,201781
202390,202945
205087,207031
207628,208489
208596,209562
209669,210332
212935,213574
214230,215025
216861,217137
222027,223092
223199,223955
224882,225212
225360,225636
247585,248725
250143,251196
251292,252261
252282,255606
259334,261143
261135,261870
261880,262276
262286,262646
262708,263842
263930,264464
265995,267024
267418,268288
271240,272497
273325,274762
274879,276181
276296,276635
276610,278308
278344,278920
279026,279102
279299,279462
279718,281257
281621,282956
283035,285183
285241,286699
286935,288453
289990,291622
291618,292338
292908,294249
294326,295973
296094,296724
300024,300933
301131,303399
303723,304485
304621,305959
306062,307706
307702,308371
308380,309472
314918,315254
315911,316355
316487,317276
317300,318317
318371,319210
319230,319956
319956,320409
320405,320990
320989,322054
322046,322892
322888,323647
323757,324438
324434,325571
325570,326128
326114,326549
326550,327309
328661,329552
329610,330546
330672,332205
332183,333164
333174,333870
333853,334783
335055,337041
337249,337525
337543,338575
338574,340626
340622,342089
342286,344434
344527,345217
354281,356240
356439,356754
356750,358400
358577,359870
363586,363726
364269,364593
366611,366893
367781,370604
372640,372844
377421,378405
381649,382165
385186,387610
395233,396424
396577,398122
398136,399027
399398,400874
401597,401876
408419,409769
410021,410294
411510,412200
418024,418849
419165,421352
427529,427973
434120,435710
435721,437011
439964,440390
444844,445321
445553,447449
447448,448084
448076,448832
448815,449016
449017,449788
449784,450918
451165,451326
466626,467577
478382,479483
480862,482263
483258,483368
486805,487957
488554,491206
491387,493121
493335,494187
499431,501933
501944,502607
502617,503721
503995,504613
513257,513575
513758,514367
514842,517041
517196,518222
518313,519273
519365,519896
519905,521237
521303,522230
522322,522808
523562,524408
524430,525939
526073,527084
527180,527927
529438,530038
530145,530913
535982,536681
536677,538051
541127,542162
544204,545674
545670,546930
547380,548205
548214,548529
548829,549276
549286,550738
550727,551798
551797,553546
555830,558881
558893,559796
559792,560428
560424,561354
568081,568978
569001,569880
569896,571138
571251,572178
572376,574413
574458,575844
575886,577290
577357,578050
583618,585028
585313,586363
586374,587784
587895,588006
590887,591520
595050,595983
599653,600238
600219,600747
610681,612871
612880,614044
616831,617320
625483,626299
628836,629790
632593,633214
636955,637423
637474,638365
638459,638840
638853,639234
640596,641361
647593,647914
650886,651828
651824,652565
652586,653768
653770,654967
655645,657301
676022,677288
677423,678908
681192,681641
681839,682121
683832,684726
691683,693204
693685,694525
700325,701018
701040,702468
710559,712056
712049,713501
714649,715108
715197,715641
716019,717909
717972,718596
719212,719593
719601,720417
720463,720703
720764,721235
721249,721783
721795,723337
723387,724251
724277,725660
725680,726100
726452,727823
727984,729814
730127,731168
731254,732214
732213,733104
733286,734060
734074,734800
735085,735922
736055,737933
737951,739364
739432,741049
741075,742245
742259,742982
745043,746381
757923,759327
759331,760432
760431,761505
761533,763948
764187,764586
764700,765513
766492,767182
767178,768057
768040,768658
768654,769803
769922,771215
772343,773591
774230,774644
774755,775184
775379,777041
778049,779156
779180,779666
779665,780304
780303,780480
781536,783252
783248,784742
785345,785693
785682,786045
786041,786539
788395,788535
788664,788763
788868,790557
790560,790851
790926,791517
791516,793019
793028,794348
794485,795877
797863,799198
799250,799703
799913,801104
801659,802478
805723,807106
807115,809434
812987,814193
820482,822165
825103,825790
825884,826526
829093,829762
829978,830215
830235,830403
830500,831310
833554,834589
834585,835710
835702,836500
836536,837472
837515,838595
838594,839614
839653,840670
840687,841386
841456,842308
842340,843414
847969,848827
849101,850298
850307,851333
851571,852606
856637,857069
857210,857462
857524,857992
857991,859011
859090,859912
865272,865482
869908,870271
870273,871410
879697,880306
880403,881795
881791,883636
883825,884977
885141,886680
887224,887548
887553,888690
889784,890525
890738,890840
899120,899969
900070,900544
904475,905300
910887,912210
912281,913736
913904,914246
914291,914729
915940,916240
916334,917246
917255,919325
921020,921205
921052,921205
922608,923319
925258,927592
928718,929417
929645,930854
931177,932869
932960,933037
933947,935555
935862,936882
936891,937794
937804,938788
938784,939789
941565,941673
945467,945656
945667,946420
946416,949035
949045,951385
951391,952498
952479,955953
956034,958023
958205,959492
959712,961209
962465,963233
963302,965363
969758,970361
972464,973862
974072,975473
975842,976667
977034,977763
983598,983667
984912,985245
985360,985687
985750,986398
988454,989471
993864,993948
996470,998513
998520,999273
1001932,1002268
1004242,1005445
1007194,1008801
1009062,1010685
1011050,1012118
1012114,1014850
1014849,1015974
1029919,1031137
1032656,1032902
1036042,1036402
1037409,1038903
1038905,1039574
1039566,1040625
1040869,1041724
1041994,1043098
1044092,1045202
1045249,1046176
1046172,1047450
1047446,1048214
1048215,1048929
1049327,1050644
1050741,1051629
1051625,1052471
1052472,1053543
1053539,1054283
1054829,1056572
1060636,1060726
1060847,1061885
1062007,1062703
1062926,1063922
1064060,1064588
1064591,1065932
1066774,1067878
1068150,1070337
1070333,1072307
1072324,1073620
1073619,1075053
1075071,1077519
1077647,1077929
1079829,1080156
1080200,1081031
1081047,1081805
1083573,1084800
1084803,1085820
1089179,1091573
1091582,1093667
1096808,1097579
1105068,1105788
1105784,1107137
1109213,1110938
1115503,1116064
1118901,1119681
1119680,1120220
1120203,1120644
1120633,1121038
1120949,1122188
1122588,1123110
1123166,1124255
1124346,1125633
1125739,1126576
1126593,1127271
1127263,1128022
1128014,1129019
1129308,1130214
1130230,1130593
1130676,1131840
1131839,1133066
1133062,1133941
1133951,1134305
1134316,1135621
1135632,1136718
1149355,1149928
1150032,1150200
1150189,1150792
1150823,1151387
1151472,1152693
1155834,1156239
1160491,1161046
1161045,1162851
1162860,1163061
1163155,1163746
1164233,1165046
1165212,1165935
1165934,1166321
1166320,1166680
1166687,1166975
1167100,1167475
1167571,1168111
1168138,1170253
1170323,1171508
1171799,1174493
1174661,1174856
1174927,1175404
1186254,1187724
1187725,1188145
1188382,1188694
1188726,1189356
1189366,1189972
1189968,1190271
1190288,1191110
1191126,1191405
1191419,1191752
1191769,1192471
1192483,1192894
1192893,1193085
1193084,1193339
1193503,1193875
1193885,1194200
1194214,1194754
1194768,1195074
1195107,1195500
1195512,1196046
1196055,1196409
1196423,1196927
1196930,1197110
1197113,1197548
1197555,1198887
1198918,1199035
1199181,1199538
1199554,1199944
1199977,1200598
1200623,1201613
1201653,1202037
1202143,1202512
1202522,1202948
1203003,1203222
1208092,1209217
1209188,1209662
1209690,1210233
1210237,1210810
1210814,1211633
1211629,1211887
1212890,1214432
1214500,1214577
1214619,1214695
1214869,1217773
1217865,1217985
1217997,1218073
1218110,1218230
1228187,1228850
1238320,1240261
1240565,1241609
1241674,1242778
1242777,1243266
1243274,1243868
1243857,1245327
1245394,1249195
1249624,1251070
1252315,1252519
1252526,1253459
1253464,1255432
1255523,1255796
1257384,1258323
1261655,1262783
1263001,1263430
1263445,1263838
1264232,1264871
1264876,1265374
1267163,1267955
1268076,1268970
1269078,1270569
1270616,1271306
1271302,1272178
1272174,1272639
1274934,1275951
1287602,1288532
1288627,1290964
1291193,1291847
1291843,1292572
1301587,1302397
1302404,1303187
1303191,1303743
1303761,1304397
1304396,1304690
1304849,1305104
1305158,1306418
1308201,1308513
1308533,1308791
1308917,1309883
1309898,1311071
1312937,1313414
1313988,1314618
1314717,1316652
1316741,1317590
1317582,1318920
1319147,1319480
1319494,1319581
1320039,1321665
1323363,1323440
1323646,1324099
1324126,1325614
1325638,1328311
1328474,1328876
1328875,1329820
1329968,1330238
1330484,1332620
1332728,1333613
1333719,1333800
1333792,1335682
1335835,1337080
1340376,1340901
1340894,1341398
1341737,1342181
1342806,1343442
1343514,1344555
1348317,1349178
1362987,1363797
1366745,1368080
1368095,1368866
1368901,1369786
1369882,1371028
1371060,1371437
1374587,1375526
1375624,1376614
1376635,1377967
1377992,1379201
1379234,1381529
1381542,1381932
1382003,1383368
1383642,1384974
1385001,1386312
1387438,1388335
1396911,1398324
1398338,1399826
1399908,1400460
1405777,1406914
1407197,1407512
1407508,1407925
1420405,1420738
1422576,1424097
1425161,1425926
1426179,1426686
1431109,1432123
1435396,1436329
1437063,1437432
1437521,1438343
1440687,1441989
1442011,1444852
1444899,1446333
1446412,1446556
1446787,1446932
1449713,1449914
1457186,1457840
1458101,1458272
1459218,1460034
1463742,1464372
1464372,1464795
1464819,1465647
1465646,1466228
1466256,1468149
1469441,1469774
1471976,1472369
1472421,1472904
1473108,1473405
1473406,1473802
1473934,1475542
1475679,1477938
1478171,1478909
1478983,1480396
1480506,1482726
1486434,1487391
1489668,1490403
1490409,1490835
1492181,1492676
1493912,1494056
1493961,1494797
1494915,1495203
1495391,1496510
1496512,1497499
1497488,1498667
1498663,1500367
1500366,1500861
1500853,1501342
1501334,1501676
1501688,1501937
1503130,1504990
1505281,1506781
1507695,1508409
1508440,1509199
1509244,1510312
1511437,1512610
1513631,1515131
1515130,1516183
1516193,1517417
1517421,1517826
1517847,1520019
1520373,1522056
1522540,1527103
1527300,1528110
1528175,1528586
1528732,1529599
1529664,1530525
1530526,1531063
1532497,1534633
1538800,1539520
1539519,1539846
1540029,1540749
1540924,1541971
1542087,1543095
1546572,1547553
1555002,1555254
1555601,1555733
1555741,1557718
1557855,1558776
1560017,1562009
1562322,1562766
1562793,1564182
1564196,1565474
1565470,1566436
1566457,1566967
1566963,1567677
1567961,1568981
1569030,1570194
1570408,1571488
1571845,1572706
1572844,1573480
1573572,1574313
1574479,1575376
1582041,1582272
1582327,1582987
1583242,1584475
1584703,1584763
1586208,1586787
1586812,1588138
1588134,1589313
1589335,1590538
1590985,1592080
1592103,1592493
1592611,1595485
1595751,1596495
1598029,1598341
1598504,1599164
1600582,1600849
1600829,1601237
1601909,1602806
1602830,1603541
1603546,1605280
1605370,1606469
1606478,1607996
1608642,1608714
1610721,1612641
1612640,1613129
1626595,1627366
1627413,1629039
1635866,1637645
1641761,1642517
1642595,1642669
1642824,1643619
1643664,1643964
1644052,1644418
1644375,1645281
1645292,1645691
1645632,1646339
1646560,1646716
1646749,1647193
1651292,1651718
1651753,1651834
1656060,1657242
1657528,1658365
1658394,1659156
1659470,1660889
1661017,1661710
1662753,1664016
1665267,1665349
1665463,1665551
1665638,1667798
1667790,1668984
1672176,1672323
1672675,1673206
1673218,1675465
1675615,1676491
1676497,1677292
1677475,1677946
1677936,1678500
1678496,1678904
1678888,1679212
1679224,1682593
1682768,1685657
1685649,1689192
1689191,1691018
1692642,1693896
1694474,1695572
1695810,1696617
1698507,1698735
1699085,1700003
1700021,1700417
1700409,1701510
1707964,1708612
1708639,1709788
1716372,1716918
1717128,1717497
1717539,1717869
1717868,1718651
1718668,1719118
1719552,1720905
1720906,1722247
1722267,1723608
1726652,1727954
1728001,1730236
1730313,1730562
1730561,1730897
1730967,1731759
1731986,1733624
1733711,1735010
1736234,1736906
1741379,1742165
1742234,1743689
1743782,1745120
1745097,1745877
1745873,1746734
1749754,1751554
1751553,1753266
1753340,1754075
1754433,1757100
1757514,1759023
1759015,1759498
1759510,1760602
1760604,1761279
1761265,1761865
1761880,1762798
1762799,1763084
1765323,1766232
1766233,1767661
1767660,1768266
1768315,1768639
1768832,1769144
1769162,1769873
1769872,1770352
1770348,1771398
1771378,1772140
1772133,1772760
1772899,1774039
1774101,1775094
1780418,1781186
1784846,1785200
1791217,1791679
1791803,1792415
1792411,1794238
1794240,1795164
1795181,1796891
1796900,1797443
1797442,1798210
1798206,1798617
1798609,1799080
1802388,1803399
1803547,1804075
1804227,1806480
1809363,1810878
1816076,1817162
1817306,1817804
1817883,1818945
1819013,1819514
1819641,1822272
1822506,1822692
1823007,1823100
1823103,1823180
1823378,1823455
1823517,1823594
1823792,1823869
1824149,1824716
1824712,1825141
1825213,1826770
1826919,1827435
1841658,1842003
1843157,1843562
1844624,1844783
1844866,1845316
1855815,1855891
1856641,1857124
1857223,1858015
1858348,1858588
1858926,1863507
1868470,1869486
1869498,1869813
1875876,1876140
1876499,1878116
1878112,1880302
1883052,1884009
1886888,1887365
1887354,1887645
1890944,1891538
1893857,1895219
1895467,1895716
1895734,1896283
1896313,1897081
1897122,1897470
1900502,1901573
1901583,1902705
1905641,1906622
1906618,1907350
1907357,1907500
1907479,1910053
1910495,1912037
1912208,1912284
1912468,1915372
1915464,1915584
1915906,1917205
1923124,1924162
1925203,1925587
1926332,1927214
1928888,1929626
1931488,1931644
1931640,1932216
1932248,1932899
1932898,1933855
1933851,1934331
1934528,1936328
1936343,1937318
1937589,1938270
1938266,1939172
1939183,1939912
1939923,1940655
1940654,1941035
1941455,1941536
1943102,1943738
1943795,1944299
1946109,1949997
1950312,1950496
1950554,1951982
1952146,1952860
1952849,1954184
1954244,1954583
1956145,1957399
1958907,1962189
1962285,1963269
1963291,1964803
1964827,1965826
1965891,1966953
1966964,1967837
1972756,1973647
1973581,1973647
1973806,1974946
1978329,1979070
1979521,1980010
1980121,1981336
1981363,1981750
1981766,1982090
1982185,1982701
1982717,1984568
1984569,1984905
1984916,1985117
1985294,1986578
1986719,1987496
1989365,1994327
1994327,1996640
1996788,1997220
1997369,1998524
1998808,1999822
1999848,2000967
2001077,2002352
2002369,2002990
2003000,2004179
2004296,2005769
2005838,2006054
2007582,2009049
2009117,2010695
2012714,2014958
2020780,2021407
2021492,2022782
2022876,2023578
2025771,2026833
2041892,2042771
2042787,2043822
2044034,2044748
2044915,2045779
2045793,2047809
2047882,2048581
2050786,2050846
2056127,2058107
2058174,2058750
2058875,2059919
2063275,2065555
2065847,2066183
2066195,2066675
2066649,2067351
2067347,2068151
2068147,2069164
2069202,2069496
2069602,2069890
2069901,2071305
2071315,2072152
2072141,2073329
2073545,2074772
2074768,2076172
2082973,2084335
2084355,2085243
2085252,2085912
2085924,2086425
2086470,2087523
2089514,2089940
2089926,2090376
2090436,2091012
2091107,2092007
2096043,2096901
2097029,2097821
2098124,2099141
2099140,2099974
2099973,2100849
2100838,2101936
2102069,2102981
2104415,2105267
2110419,2111406
2111476,2113492
2113493,2113712
2114796,2115723
2116774,2117608
2117667,2118924
2119175,2120060
2120980,2122396
2123421,2123497
2123536,2123612
2123820,2126010
2128946,2130185
2132226,2133192
2133410,2133737
2133758,2135006
2135020,2136106
2136105,2137143
2137167,2139663
2143357,2144596
2146360,2146603
2147250,2147886
2148398,2149649
2149702,2151397
2151466,2152411
2152484,2153630
2158313,2159477
2159476,2161015
2164023,2164959
2168406,2168775
2168771,2169266
2169265,2169541
2169590,2170109
2170135,2170576
2176645,2177401
2180718,2181003
2181183,2182494
2182493,2184638
2184840,2185326
2186006,2186570
2186651,2189297
2189316,2190069
2190068,2190581
2190577,2191066
2191062,2191602
2191603,2192425
2193212,2194145
2194179,2195265
2195268,2196093
2196092,2196902
2196901,2197450
2197483,2197762
2200047,2201268
2201532,2202711
2203801,2204938
2205003,2206017
2206016,2206829
2206911,2207571
2207726,2208641
2208710,2209979
2209968,2210631
2210889,2211378
2211414,2212932
2213026,2213596
2213861,2214644
2214864,2215647
2215736,2216423
2216419,2217136
2217143,2217917
2218113,2219004
2221167,2221812
2221864,2222419
2222476,2223019
2228520,2228976
2229058,2229553
2229563,2230214
2230300,2232133
2235011,2235950
2236580,2237024
2237039,2237702
2237807,2239598
2239600,2240101
2240097,2241435
2241487,2244214
2244210,2245188
2245202,2245745
2245756,2246311
2246307,2246610
2246606,2248448
2248611,2250141
2250147,2251605
2253226,2253943
2255930,2257658
2260109,2260571
2260625,2260931
2261009,2262305
2262393,2264064
2264060,2264819
2264833,2265691
2265690,2266653
2266649,2268005
2268114,2268381
2276032,2276635
2277377,2277920
2278019,2279222
2279441,2280224
2280238,2281444
2281500,2282790
2282807,2283611
2289278,2290637
2290641,2291718
2292180,2292831
2296915,2297059
2297483,2301236
2302232,2304860
2305008,2306697
2306693,2307317
2307250,2311855
2311855,2313505
2313509,2314286
2321776,2324626
2328903,2330007
2330118,2331174
2331247,2332312
2332311,2332962
2333037,2334681
2334898,2336545
2338155,2338650
2338639,2338903
2338899,2341386
2341392,2342088
2342074,2342938
2342934,2343384
2343393,2343996
2344008,2344632
2344628,2345291
2345332,2346070
2346066,2346276
2346272,2346752
2346748,2348692
2348688,2349246
2349242,2350295
2351472,2351539
2351571,2352588
2352738,2355263
2357705,2358713
2361169,2361865
2361892,2363083
2363415,2363760
2376357,2376612
2378157,2379288
2379287,2380226
2380242,2381934
2382356,2383298
2383285,2384224
2384317,2385568
2386466,2387408
2387507,2388758
2392034,2392916
2393120,2394590
2394883,2396875
2398000,2398669
2398685,2399843
2399984,2401025
2401304,2402303
2402363,2403884
2403899,2404910
2411267,2412215
2412894,2414330
2414382,2415144
2416021,2416609
2416782,2417715
2419663,2421961
2422171,2423089
2423095,2424253
2424245,2425172
2425176,2425908
2427008,2428694
2428690,2429410
2429456,2429927
2447484,2448594
2448856,2449138
2449430,2449973
2450007,2450727
2450742,2453223
2453238,2454273
2455856,2456129
2456351,2457140
2457136,2457937
2458001,2458820
2458871,2459618
2463088,2464141
2464448,2465303
2465331,2466594
2466603,2467056
2467086,2467371
2467374,2468732
2468779,2469820
2469925,2470224
2471485,2471960
2473346,2473664
2473832,2474051
2474132,2474351
2487915,2487972
2488244,2488304
2488524,2489184
2489180,2489942
2490667,2492614
2494112,2494961
2498704,2499346
2499437,2500019
2500040,2501894
2504409,2505549
2505554,2505998
2506000,2508163
2508255,2509095
2509097,2509586
2509582,2510800
2510774,2511992
2512002,2512749
2512764,2513313
2513338,2514460
2514462,2515428
2515430,2515910
2515906,2517130
2517132,2518569
2518673,2520044
2520098,2521493
2521494,2522973
2523248,2524529
2524525,2525746
2525756,2527151
2527325,2528219
2528591,2529677
2529676,2530576
2530633,2531515
2531514,2532072
2532068,2533316
2533323,2534427
2534426,2535593
2535595,2536588
2536568,2537159
2537143,2538262
2538263,2538709
2538741,2539758
2539908,2540257
2540384,2541791
2542039,2543206
2543351,2544332
2551939,2552191
2552187,2552442
2552524,2553349
2553394,2554324
2554538,2554601
2554590,2555949
2556127,2557186
2557199,2557427
2559105,2560272
2560390,2560864
2561061,2562120
2562291,2562621
2562975,2563104
2571472,2571838
2571795,2572701
2573233,2573392
2573760,2574293
2574331,2575348
2575498,2575585
2575888,2576434
2576430,2577174
2577185,2578265
2578329,2579262
2579719,2580637
2580738,2581689
2581806,2583450
2583550,2583626
2588324,2589377
2598095,2598185
2602829,2603501
2603500,2604859
2608168,2608534
2608573,2609269
2609335,2610754
2610734,2611205
2612286,2613204
2613282,2613465
2613635,2615330
2616339,2616426
2616829,2617018
2628638,2628953
2629301,2630430
2633562,2633976
2638046,2639543
2639863,2640583
2640628,2641180
2641267,2642068
2642172,2643159
2643173,2643842
2643838,2644591
2644820,2645543
2646293,2646950
2646946,2648779
2648835,2649384
2649535,2649611
2649665,2649739
2649751,2649838
2650033,2650699
2652162,2652402
2653693,2653780
2653894,2654146
2655524,2656514
2656583,2658098
2658112,2659099
2659265,2660066
2660040,2661465
2662437,2662713
2662631,2663135
2663455,2663806
2663808,2664387
2664513,2665401
2665397,2666324
2666328,2668293
2668313,2668817
2668961,2670623
2670668,2672270
2672288,2673149
2673151,2674201
2674215,2674605
2674615,2675260
2675461,2676610
2676602,2678681
2678680,2679073
2681806,2682373
2682386,2683133
2683132,2683212
2683520,2684621
2684645,2687075
2691130,2692903
2693020,2693473
2693501,2694242
2694276,2694798
2695472,2695538
2695676,2696288
2696296,2697307
2699069,2700002
2700017,2701340
2701459,2702431
2705338,2706814
2707048,2708860
2708896,2709538
2710905,2711196
2711262,2711619
2711945,2712605
2712813,2714874
2716683,2717058
2717061,2717934
2717946,2718288
2718445,2718549
2718683,2719340
2725524,2726022
2726118,2726817
2726836,2728885
2729076,2729958
2731553,2732345
2732886,2733030
2733104,2733392
2734061,2734205
2734217,2734427
2734592,2735402
2739870,2740080
2740067,2741624
2746921,2747101
2748417,2750328
2750385,2751081
2751120,2751702
2751906,2753592
2753661,2754789
2759843,2760767
2760893,2761532
2761704,2762064
2762067,2762250
2762397,2762646
2764120,2764375
2766076,2766898
2767470,2767575
2775180,2775927
2776016,2776871
2779223,2779637
2779678,2779951
2780320,2781397
2781423,2782803
2782819,2783863
2783883,2784720
2784724,2785672
2785681,2786662
2786798,2787557
2787673,2789032
2792976,2793528
2793644,2794688
2794692,2796654
2796781,2797822
2799517,2799790
2800249,2800870
2809670,2810891
2810887,2811922
2811918,2813397
2813393,2814737
2814729,2815698
2816027,2816513
2816715,2817291
2819396,2819735
2820033,2820354
2820438,2821797
2821847,2822198
2822205,2823048
2823152,2824505
2824517,2825267
2827989,2828232
2828520,2829324
2832419,2832956
2835569,2836328
2839082,2841011
2841014,2841557
2841653,2841851
2841903,2842260
2842382,2842427
2842710,2843694
2843708,2846096
2846100,2846400
2846500,2847481
2847543,2848095
2848094,2848844
2848921,2849386
2849632,2850346
2850408,2851845
2854540,2856919
2862351,2863263
2872967,2876024
2876020,2876431
2876530,2876719
2876872,2876940
2877266,2877635
2877643,2879131
2879140,2879887
2879861,2881133
2881129,2882350
2882362,2882779
2882927,2883932
2886511,2886721
2887175,2887802
2887822,2889925
2889928,2890576
2890639,2891308
2891304,2892090
2892093,2892906
2895525,2896782
2898410,2899052
2901854,2902787
2904107,2904197
2904362,2905532
2907551,2907899
2915732,2915972
2916020,2916917
2916997,2917519
2920828,2921263
2922050,2923160
2923257,2923587
2923645,2924302
2924430,2925705
2925763,2926627
2937344,2938385
2942472,2943501
2943612,2944380
2944600,2945191
2945581,2947393
2947389,2948763
2948801,2950067
2953275,2954922
2955064,2956468
2959622,2959958
2963749,2965282
2965292,2966681
2968151,2968517
2968503,2968833
2972060,2972954
2973088,2974309
2974433,2975129
2984195,2984906
2985979,2986306
2986511,2987726
2987737,2988757
2988814,2988925
2993802,2994033
2994016,2994307
2994329,2994479
2995780,2996020
2996019,2996307
2996378,2996534
2996750,2997002
2997348,2998398
2998411,2999164
3000098,3000314
3001067,3001283
3001287,3001599
3001595,3002129
3002318,3002573
3002125,3002623
3002985,3003198
3003208,3003397
3003399,3003465
3003543,3003699
3003870,3004044
3005285,3005855
3005805,3006768
3006767,3007343
3009367,3010651
3010739,3012200
3014272,3016318
3017155,3017548
3017802,3018693
3018738,3018836
3020515,3021415
3022744,3023410
3026949,3028338
3028401,3029328
3029327,3029687
3029798,3030746
3030972,3032424
3032630,3033545
3040411,3041365
3041443,3043036
3043566,3048988
3049210,3049477
3049476,3050799
3051116,3051319
3051651,3052800
3052813,3053344
3053356,3053860
3053918,3054833
3055166,3057446
3057693,3057891
3057965,3058727
3059128,3060811
3060862,3062020
3062310,3063996
3064033,3066406
3066450,3069246
3069607,3071008
3071163,3072699
3072829,3074149
3074433,3074475
3074512,3075895
3075919,3078319
3078576,3079158
3079171,3080722
3080723,3081746
3081742,3082639
3082635,3083622
3083614,3084541
3085372,3085588
3085689,3085827
3085983,3087681
3087814,3088825
3088970,3089255
3094483,3095365
3095624,3095915
3095938,3096895
3096933,3097269
3097592,3098981
3099062,3102803
3102799,3104344
3104343,3105039
3105035,3105716
3105794,3106688
3107801,3108371
3111148,3111334
3115672,3117172
3118587,3120690
3122806,3123325
3123321,3123771
3124458,3124554
3132588,3132819
3135572,3136748
3138003,3138435
3141203,3142184
3146581,3147505
3149523,3149691
3149581,3149731
3150146,3150210
3150939,3151940
3158792,3159398
3172503,3172869
3172826,3173732
3176422,3176488
3188010,3190056
3190303,3192577
3194369,3195275
3198809,3199799
3199909,3200332
3200868,3204393
3204759,3205893
3206033,3206468
3206644,3206695
3207246,3207360
3207428,3207662
3207978,3208569
3212926,3213907
3221411,3221888
3222196,3222331
3222341,3222497
3223423,3223645
3223644,3223815
3223889,3224165
3224266,3226867
3226859,3227669
3227725,3227920
3227912,3228122
3228200,3228416
3228417,3229653
3229704,3230640
3233857,3235090
3235901,3235994
3237087,3238398
3238397,3239843
3239879,3241406
3241416,3241932
3242126,3242879
3243030,3243981
3245730,3246762
3249799,3250720
3250719,3250785
3250790,3250973
3251054,3251783
3252841,3253348
3257691,3258690
3273740,3274718
3280744,3282163
3282311,3282476
3282465,3283851
3283984,3284230
3284542,3286186
3286182,3287148
3287134,3288025
3288024,3289017
3289018,3289825
3289892,3290246
3290613,3291402
3291545,3292673
3292740,3294675
3294910,3296896
3297043,3297217
3297306,3298056
3298324,3298543
3302492,3303083
3310984,3311236
3312540,3313299
3313295,3313886
3318570,3318615
3318706,3320269
3320268,3321864
3321864,3323226
3323237,3324431
3324430,3325237
3325617,3325797
3325882,3326383
3326428,3326935
3327989,3328733
3328762,3329302
3329406,3329805
3330787,3331084
3331383,3332637
3333007,3334468
3334502,3334832
3343531,3346207
3346330,3347227
3348730,3349144
3352520,3352979
3353028,3353871
3354030,3354115
3354324,3354409
3354476,3354566
3354416,3354587
3364034,3365831
3365823,3366474
3368053,3368407
3369803,3370904
3371307,3371415
3371842,3371950
3372377,3372485
3378152,3378776
3378775,3379627
3379777,3380725
3380849,3382529
3383139,3383724
3383840,3384932
3385700,3388568
3390814,3391885
3391895,3392528
3392538,3393957
3394276,3395974
3397125,3397860
3398572,3399487
3399581,3401318
3404411,3405944
3406935,3408477
3408622,3409153
3411258,3412170
3414180,3414582
3415572,3416268
3416291,3417104
3417107,3417374
3418489,3418663
3418664,3419009
3419018,3419348
3426177,3427389
3427593,3428325
3428545,3428950
3429002,3429113
3429348,3429393
3429649,3429973
3431997,3432534
3432533,3433136
3438719,3439394
3439568,3439877
3440272,3440584
3440620,3440866
3440846,3441974
3443415,3444120
3444120,3444786
3446701,3447355
3447364,3447826
3447879,3448986
3449021,3449663
3449666,3451037
3451205,3451877
3451876,3453337
3453412,3454534
3456058,3457195
3457208,3458036
3458032,3458827
3458823,3459870
3459927,3460389
3460385,3461174
3466487,3467561
3467688,3471135
3471278,3472241
3472820,3473453
3480101,3482291
3495057,3495642
3497285,3500471
3510789,3511449
3511524,3511818
3511822,3512239
3516326,3517535
3517598,3518246
3518379,3518940
3519045,3520092
3520165,3520411
3520697,3520952
3521066,3522185
3522205,3522346
3522606,3523173
3523176,3523752
3525070,3525991
3526162,3527389
3527471,3527846
3532711,3533869
3538456,3539107
3539111,3539501
3539525,3539942
3539968,3540802
3544000,3544088
3546215,3546515
3546511,3547378
3549363,3551787
3551795,3553814
3553806,3555132
3555133,3555547
3562770,3566733
3567641,3568790
3568789,3569482
3569493,3569880
3569887,3570688
3570697,3571288
3571298,3571793
3571813,3573142
3573944,3574541
3574561,3574789
3577877,3578798
3578797,3579103
3583698,3584391
3585474,3588219
3588290,3589364
3590477,3590690
3591908,3592214
3592320,3592965
3592961,3593708
3593707,3595804
3595849,3596989
3596976,3597423
3597442,3599623
3609940,3610028
3610234,3610894
3610984,3611314
3611683,3612874
3612931,3613249
3613879,3614542
3614637,3615096
3617304,3617751
3617769,3619923
3620733,3621243
3621599,3622640
3623353,3625114
3625182,3625701
3634052,3635162
3644140,3644716
3644708,3645668
3645664,3646810
3646820,3647612
3647608,3648376
3651296,3652499
3652667,3654068
3654670,3655759
3655943,3657134
3668251,3669031
3685020,3686781
3687186,3688044
3688098,3690381
3690572,3691313
3692084,3692993
3696095,3696722
3709602,3710568
3710690,3712457
3712457,3714179
3714220,3714925
3715209,3715428
3715681,3715769
3719062,3719287
3722532,3723525
3725605,3726301
3726795,3727695
3727838,3729491
3729502,3730471
3730603,3732322
3732358,3733360
3733370,3734801
3734899,3735913
3737185,3737701
3737918,3738647
3738664,3739396
3739402,3740119
3740118,3740787
3741077,3741809
3750899,3751157
3751833,3753519
3753595,3753676
3754313,3755522
3755521,3756337
3756422,3756707
3758264,3758861
3758918,3759677
3761172,3761799
3763617,3764943
3775288,3776524
3776523,3777273
3778141,3779041
3779046,3781479
3781624,3782440
3782591,3783857
3785908,3786829
3788655,3788784
3788588,3788928
3789055,3790639
3791555,3792443
3792741,3793245
3793648,3794395
3794533,3795193
3795189,3795912
3796172,3798398
3799596,3799857
3800121,3802404
3802445,3803123
3803196,3803463
3803727,3803988
3808702,3809185
3811009,3811681
3811680,3812679
3812671,3814408
3814400,3815534
3815544,3816651
3817155,3817917
3817913,3819155
3819154,3820111
3825005,3825914
3832395,3833685
3833743,3834220
3834371,3835655
3841077,3842031
3843221,3844040
3847008,3847797
3847864,3849337
3849597,3850614
3850623,3851670
3851673,3852822
3852815,3853856
3854057,3854810
3856335,3856716
3856829,3857771
3875777,3876500
3886871,3886979
3887184,3888468
3888857,3889424
3889483,3891931
3891945,3892674
3892670,3893732
3893883,3894930
3899096,3900578
3912831,3912921
3912920,3914594
3914616,3916665
3916673,3917246
3917238,3919923
3919919,3920597
3921192,3923391
3923387,3924707
3924782,3924932
3925055,3925706
3928850,3929615
3929754,3930048
3930187,3930718
3930927,3931014
3931006,3931453
3938041,3938842
3938901,3940050
3940058,3941279
3941326,3942079
3942475,3944140
3944519,3944596
3944605,3944690
3944713,3944788
3944822,3944897
3944912,3944989
3945036,3945111
3945148,3945223
3946697,3948122
3948274,3949315
3949311,3949779
3949868,3950747
3950771,3952310
3952639,3953656
3953905,3954814
3954983,3955724
3955723,3956398
3956397,3957123
3957240,3958176
3958259,3959930
3962246,3962801
3965105,3966083
3966869,3969452
3969466,3970048
3970047,3971079
3971080,3971722
3971745,3972357
3972616,3972934
3972937,3973405
3973435,3975337
3975339,3976452
3976462,3977551
3977689,3978901
3979010,3979274
3979374,3980016
3980274,3981228
3981436,3982402
3983714,3984098
3985684,3987070
3989796,3990855
3990869,3991166
3991162,3992071
3992081,3993614
3993617,3994169
3994143,3995022
3995072,3996536
3996649,3997456
3997685,3998096
3998233,3998323
3999785,4000214
4003079,4003826
4004034,4004937
4005083,4006304
4006276,4006906
4008175,4009264
4017142,4018099
4019463,4020468
4020464,4021457
4021453,4022269
4029158,4031399
4031573,4032194
4034269,4035388
4035453,4035702
4035766,4036135
4036228,4036882
4036989,4038237
4046209,4046893
4046882,4048325
4048474,4050712
4050698,4053671
4053671,4054562
4054744,4055506
4056019,4056973
4058846,4059501
4061207,4061402
4062058,4062469
4062759,4063053
4064827,4065867
4065899,4066916
4067066,4067124
4075291,4075555
4075573,4075795
4075674,4076838
4077172,4077805
4083911,4084778
4084779,4084992
4085099,4085621
4087215,4087710
4087712,4088435
4088552,4089062
4089058,4090126
4095289,4096339
4096360,4097596
4097606,4098392
4109431,4110358
4110426,4111521
4111636,4112008
4121887,4122514
4122503,4123313
4123373,4124228
4125879,4126797
4126793,4127252
4130273,4132778
4133572,4134367
4134570,4135050
4136956,4138177
4138414,4140091
4141679,4142639
4150840,4151368
4151381,4151543
4156033,4157227
4157249,4160399
4160944,4161319
4161344,4161563
4161734,4162286
4162401,4162872
4163035,4164586
4165281,4165671
4166491,4167352
4174340,4176041
4176105,4176801
4187485,4188064
4188107,4189583
4190042,4190990
4191011,4193003
4192992,4193607
4193606,4193936
4193947,4194838
4194986,4196351
4197137,4198049
4198011,4198602
4200309,4200552
4200551,4201451
4201475,4203338
4203517,4204492
4208801,4209341
4209639,4210524
4216734,4217316
4224700,4225903
4225899,4229046
4229171,4230356
4231633,4232545
4236008,4236818
4240729,4241824
4242319,4242628
4245365,4246523
4248751,4249051
4249047,4249914
4251925,4252900
4257036,4257594
4257717,4258914
4258780,4259062
4260392,4260809
4260810,4261584
4261771,4262047
4262081,4263191
4263284,4264118
4273232,4274066
4274142,4275225
4275347,4278422
4278473,4279727
4279792,4280404
4282962,4283862
4293209,4294796
4295315,4295987
4306630,4307128
4307219,4308152
4312318,4312906
4312919,4314392
4314405,4316076
4316288,4316957
4321651,4322977
4323085,4323322
4323333,4323927
4324516,4325203
4327847,4327937
4328410,4328512
4328875,4329139
4329138,4329279
4330316,4330907
4330981,4331569
4331626,4332295
4332320,4334846
4334835,4336479
4336447,4337158
4337470,4337800
4339079,4339769
4339765,4340722
4340718,4342917
4342926,4343883
4343861,4344272
4344556,4345957
4346073,4346514
4346510,4346735
4346853,4347708
4347734,4348433
4348704,4349331
4350306,4350582
4350500,4351004
4351347,4352352
4352490,4353249
4359669,4360824
4360917,4361268
4361290,4361539
4361777,4362053
4361971,4362475
4362490,4362839
4362850,4363897
4366535,4367552
4371470,4372364
4372692,4373556
4373647,4374469
4374685,4374877
4374878,4375100
4375099,4375543
4375565,4376033
4376109,4376349
4376446,4376905
4376920,4377397
4377405,4377627
4377645,4377963
4377983,4378325
4378440,4378503
4381552,4382608
4383032,4383308
4383226,4383730
4385936,4387394
4391582,4393295
4395150,4395411
4395413,4395692
4395847,4396588
4398349,4400794
4401463,4402234
4402568,4402907
4402916,4403396
4405650,4406118
4406870,4407626
4407697,4409056
4410771,4411686
4419007,4420039
4420031,4420685
4420724,4421540
4421657,4422062
4422058,4422766
4422877,4424596
4424649,4425474
4427527,4427728
4427720,4427975
4452146,4452941
4453002,4455675
4455705,4456530
4456583,4457396
4457557,4457944
4462499,4463198
4463190,4463991
4464028,4464652
4466770,4468051
4479621,4480152
4480166,4480871
4481048,4481504
4481540,4482467
4482526,4483924
4483920,4484400
4484769,4485354
4485451,4486192
4486226,4488824
4488840,4489410
4489421,4490027
4490053,4490650
4490699,4491938
4492051,4492846
4492857,4493709
4494958,4495339
4498982,4499645
4500427,4502818
4504735,4505083
4505188,4506055
4506070,4506865
4510392,4512246
4520101,4521475
4523007,4523901
4524103,4524544
4524553,4525939
4525928,4527131
4528433,4529054
4529053,4529797
4529806,4530004
4556141,4556186
4557944,4558031
4558123,4559695
4559694,4560786
4560788,4562189
4562199,4562805
4564353,4566009
4566172,4567156
4567131,4568742
4568725,4569424
4571604,4573305
4573315,4574818
4575102,4575798
4575872,4578224
4578388,4581295
4581306,4581966
4584543,4586898
4586950,4588237
4588236,4589226
4589222,4590044
4590046,4590424
4590430,4591273
4599721,4601236
4601266,4602409
4602537,4603755
4603828,4605382
4605490,4606276
4606281,4606872
4620574,4620838
4621144,4621420
4621338,4621842
4624692,4624902
4624749,4624902
4629866,4630271
4630296,4631010
4631158,4631725
4633693,4635124
4635193,4635970
