540565,541866
541888,543033
546680,548347
548357,549616
549627,550442
550439,551332
554611,555996
558212,558754
558974,559666
559697,562300
562336,563319
563330,563845
564723,564799
566376,566687
566684,566776
566842,567141
567138,568004
568035,568247
568315,568647
568695,568844
568902,570428
570893,571444
571454,572251
572368,572469
572466,572921
572921,573091
573084,573374
573371,573733
573730,573870
573956,574339
577398,577613
577613,578110
578107,578568
578327,578509
579880,580086
580834,581379
581354,581662
581534,582097
582875,583060
583681,584430
595600,596973
597131,597463
597479,598702
598714,601857
601959,603335
607734,607792
607836,607988
608065,609177
612737,613939
613942,614160
614157,618038
618254,619387
622300,623550
624885,626060
626070,627680
627694,628551
628551,629297
629300,629713
629894,631999
632182,632379
633586,634746
638945,639508
639753,641318
642088,643326
652235,653893
653862,654542
656557,657117
657292,657501
658031,658818
658947,659150
675018,675500
676711,677418
677415,678842
679508,680215
680212,681663
695101,696276
703944,705890
706093,707757
708334,709740
709790,710116
712987,713532
713558,715198
715412,715906
720583,720840
729134,729340
729583,733776
733776,734102
734220,735653
735650,736219
736445,736699
736900,737961
738092,738853
739001,739510
739507,740925
742827,743570
743593,744249
744243,745175
745165,745899
745935,746726
755177,755566
755560,755907
755907,757673
757689,758405
758706,761507
761522,762739
763014,764180
764180,765049
765984,767960
767978,770611
771458,773026
773042,774181
774196,774309
774309,774602
774752,775156
775153,775845
775849,776277
776342,777607
777740,779032
779067,779588
779598,780389
780554,780629
780765,780840
780843,780918
781068,781143
781147,781222
781369,781444
781577,781652
782085,783128
783166,783885
785633,786685
794773,794922
795089,795862
795862,796551
796554,797612
798586,799581
800759,801811
801887,803320
803503,805764
809344,810384
810381,811535
811522,812277
812270,812947
813526,815547
817044,818033
818055,818567
818570,819055
819048,819293
819295,819747
819884,820588
820793,821506
824630,825040
830872,832236
833070,835220
835248,836210
836351,837436
842332,843258
850332,850397
850450,850965
853183,853650
853647,854765
855963,857555
863642,864304
866568,867533
867520,869391
869411,870949
870967,871887
871890,872801
872979,875327
875335,876663
878248,878631
878742,879857
880727,881929
883673,884905
887423,887959
890089,890466
890913,891200
891184,891906
891967,892869
892957,893433
893784,894896
894991,896124
896134,897087
897084,897929
897989,898477
898518,899645
904593,904916
904913,905743
916473,918131
919235,920350
920347,922293
922913,923233
923264,925540
932595,933089
933224,937213
937372,937983
937994,939337
939428,940720
940959,943403
943414,944031
944033,944896
945871,947019
947229,948659
949668,950258
956762,957454
957653,958741
958812,960095
960264,961028
961201,961884
961995,963668
963828,964112
964320,966584
966621,968369
968366,969352
969389,970621
970673,970855
970852,971598
971752,972645
973537,974322
974319,975641
975622,976326
976326,980786
981047,982894
983075,983623
983650,984297
990622,993234
997868,998407
998490,999191
999216,1001816
1001807,1002877
1002889,1003431
1003439,1003954
1003947,1004657
1004768,1005778
1005952,1006494
1007844,1009952
1009964,1011871
1012001,1013254
1013259,1014899
1014896,1015459
1015715,1015882
1018485,1018937
1021138,1021767
1024471,1026525
1027946,1028359
1030064,1030342
1032139,1033257
1033254,1035047
1035066,1035773
1035770,1036357
1036354,1036752
1036749,1037606
1037740,1039284
1039296,1040432
1040445,1040537
1040617,1041915
1049833,1050108
1050027,1050530
1051461,1051673
1051684,1051872
1051847,1052077
1052067,1052240
1056261,1057289
1058084,1059256
1059256,1061802
1061799,1062398
1064036,1065292
1065585,1066826
1068081,1068254
1074242,1074880
1079024,1079146
1079305,1080813
1081356,1082185
1082243,1083370
1083376,1084647
1084992,1086056
1092876,1094234
1095544,1095846
1095843,1096829
1097886,1098824
1098879,1099616
1099640,1100194
1100296,1100787
1103951,1104406
1104447,1104902
1104961,1105293
1105414,1105725
1105820,1106353
1106355,1107776
1109335,1110870
1110863,1113406
1113579,1113806
1116807,1117859
1125562,1126146
1126157,1126804
1126806,1127729
1127839,1129374
1131018,1131434
1131438,1131842
1131854,1132549
1132574,1133782
1133802,1134557
1134729,1135511
1135564,1136262
1136274,1137371
1137371,1138312
1138378,1140021
1140033,1140986
1144502,1144822
1144940,1145899
1146589,1146757
1146794,1147315
1147367,1147540
1147621,1148691
1148759,1149712
1149728,1150657
1150670,1151404
1151615,1151851
1151939,1153180
1153300,1154109
1154112,1155134
1155124,1155765
1155762,1156766
1156777,1157574
1157869,1159302
1161885,1162244
1162247,1162624
1162638,1163279
1163260,1164084
1164095,1165120
1165143,1165685
1166085,1167389
1167599,1168138
1169073,1169330
1175427,1176626
1176619,1177320
1177320,1178564
1178593,1179504
1179520,1180359
1185844,1187070
1195123,1196373
1198695,1199588
1201497,1201838
1203024,1203224
1203268,1203825
1203822,1204160
1204170,1205537
1204170,1204403
1204401,1205537
1205549,1205731
1205731,1206204
1206131,1206922
1206913,1207497
1207501,1208130
1208132,1208545
1209685,1210239
1210346,1211179
1211413,1211577
1215789,1216025
1216068,1216340
1216369,1216635
1216748,1216996
1217328,1218851
1218983,1219201
1219601,1222248
1223264,1223449
1223564,1223907
1226600,1226968
1227681,1228007
1228079,1228738
1228815,1229276
1230767,1231186
1231186,1232454
1234938,1235657
1237571,1238869
1238879,1239949
1240260,1240463
1243180,1243791
1244728,1244982
1245160,1245600
1251066,1252985
1258791,1259069
1263714,1264970
1265012,1266094
1266094,1266927
1266924,1267316
1267320,1268129
1268165,1269019
1269323,1269389
1269858,1269923
1270393,1270460
1272119,1272349
1272507,1273202
1273784,1275178
1277957,1279348
1279864,1283607
1283604,1285142
1285139,1285849
1285849,1286526
1286709,1286984
1289245,1290150
1290242,1291255
1291457,1292365
1293527,1294144
1298598,1299245
1299531,1300547
1301182,1302813
1302899,1303819
1303834,1304742
1304754,1305767
1305764,1306768
1308788,1308961
1311089,1311808
1314020,1314658
1323220,1324101
1324098,1324718
1324746,1326641
1326852,1327727
1329332,1330381
1331048,1333645
1333855,1334829
1335124,1335288
1335291,1335458
1335572,1335667
1335831,1338506
1339330,1340094
1340243,1340551
1340558,1341727
1341921,1342658
1342658,1342984
1346796,1346900
1361120,1361884
1361911,1362468
1362743,1364230
1364232,1365512
1365550,1366815
1368079,1368747
1368801,1369025
1369025,1369384
1369393,1369614
1369689,1370003
1370216,1371895
1371909,1373201
1373222,1374103
1374090,1374932
1374963,1376015
1376034,1376822
1376832,1377887
1377884,1380151
1380148,1380807
1380821,1381789
1381789,1381902
1381947,1382852
1384117,1385514
1385511,1386572
1386720,1388261
1388930,1389895
1391991,1392890
1393227,1394840
1396076,1397092
1397365,1397622
1404741,1405649
1405979,1406542
1408050,1409033
1409129,1409247
1409308,1409481
1409511,1410884
1413556,1413734
1418671,1419159
1420365,1420661
1420684,1421106
1421119,1421976
1421983,1422729
1422752,1423312
1423345,1423644
1423400,1423585
1423782,1425239
1425377,1425640
1425621,1425980
1426454,1427482
1427389,1427598
1428796,1428984
1429049,1432411
1432411,1432986
1437121,1437229
1441058,1441324
1443051,1445690
1445687,1445872
1445880,1446206
1447519,1449018
1453927,1454856
1454868,1455155
1455164,1455910
1455925,1456422
1456430,1457500
1457497,1458264
1458264,1459052
1459054,1460481
1460471,1460893
1460893,1462098
1462125,1463438
1463539,1464489
1464471,1465061
1465392,1467909
1469246,1469295
1469358,1470509
1470519,1474013
1474221,1475081
1475144,1477450
1477621,1478226
1478226,1479122
1479138,1480895
1480909,1482201
1483061,1486963
1487235,1488035
1488232,1489671
1490902,1491432
1491677,1491850
1492119,1492174
1492470,1494110
1495288,1496631
1496856,1498511
1498651,1498875
1498938,1499477
1500573,1501565
1501562,1502155
1502457,1503125
1503717,1504865
1506172,1506708
1506781,1508742
1509286,1509462
1509508,1509924
1510003,1511409
1511654,1512799
1512817,1513830
1513831,1514772
1514762,1515556
1515578,1517002
1517389,1517562
1517648,1517881
1519027,1520064
1520262,1520927
1523307,1524368
1526247,1526864
1526940,1527152
1527890,1529938
1529922,1530404
1530586,1531639
1531816,1532952
1533052,1533285
1534024,1534869
1547401,1550448
1550461,1551345
1551338,1551991
1556625,1557056
1579545,1579667
1601490,1603025
1603019,1604047
1604047,1605039
1605051,1606073
1606100,1606975
1606999,1607289
1607346,1608104
1614804,1615685
1615763,1616878
1617028,1618218
1619120,1619554
1619574,1619957
1619989,1620207
1621332,1622519
1622646,1622741
1624773,1625291
1627517,1628263
1628352,1629038
1629215,1629418
1632890,1633003
1633072,1633305
1633622,1634212
1636756,1636989
1637047,1637457
1641855,1642067
1642122,1642211
1645897,1646202
1646405,1646737
1647934,1648341
1648508,1648663
1648665,1648793
1648823,1649041
1649382,1649434
1649609,1649797
1649794,1649985
1650078,1650998
1650881,1651537
1651512,1652708
1655808,1656149
1656184,1656744
1657565,1657870
1658069,1660495
1660556,1662979
1662990,1663607
1663609,1664463
1664506,1665120
1665315,1666571
1669699,1670952
1671376,1671684
1671777,1671860
1671960,1672781
1673913,1674947
1678427,1679371
1679557,1680939
1680976,1681698
1682159,1682878
1682882,1684183
1684259,1685188
1688576,1689751
1689852,1691360
1699355,1700947
1700957,1702129
1702233,1703234
1704551,1704676
1704949,1705164
1705250,1705690
1705767,1706348
1706348,1706926
1706919,1709141
1709142,1710200
1710204,1710824
1710828,1711523
1711523,1712158
1712769,1714271
1714377,1714982
1719876,1720343
1721025,1721261
1721264,1722121
1722121,1724133
1726023,1726622
1726659,1727756
1727837,1728244
1728347,1728994
1729087,1733703
1734435,1735250
1735378,1735959
1737844,1738869
1739911,1741122
1741413,1742561
1743457,1744830
1746435,1746511
1746516,1746592
1746700,1747005
1747131,1748735
1755698,1757110
1757421,1757657
1769074,1770186
1770372,1770476
1770615,1770971
1771071,1772285
1772512,1773777
1773789,1774655
1774686,1775444
1775587,1777182
1777196,1778347
1779617,1780381
1780401,1781339
1781395,1782684
1782681,1782974
1782977,1784677
1787445,1788278
1788435,1789481
1789613,1789804
1803094,1804993
1805165,1805272
1806370,1807299
1807400,1807690
1807796,1808656
1809380,1810048
1810211,1810801
1810934,1812325
1813867,1816128
1822458,1823285
1823515,1824402
1832428,1833234
1833401,1834111
1834116,1834793
1834808,1835515
1835515,1836063
1836073,1837239
1837212,1838747
1838747,1839400
1839467,1840774
1841490,1841897
1842371,1843714
1848837,1850693
1850860,1851876
1851887,1852528
1862771,1863766
1863850,1864734
1866908,1868842
1868955,1870238
1870385,1871860
1872041,1873531
1873574,1874077
